325,573,395,573,395,600,325,600,Arabic,بدخول
397,574,438,574,438,601,397,601,Arabic,أكثر
442,574,460,574,460,601,442,601,Arabic,أو
466,573,526,573,526,600,466,600,Arabic,مئوية
269,685,326,685,326,707,269,707,Arabic,المول
368,686,428,686,428,708,368,708,Arabic,جميع
429,686,473,686,473,708,429,708,Arabic,على
474,686,523,686,523,708,474,708,Arabic,يجب
389,709,430,709,430,736,389,736,Arabic,تقل
260,877,391,877,391,910,260,910,Arabic,تعاونكم
394,877,454,877,454,904,394,904,Arabic,على
529,872,604,869,606,897,527,908,Arabic,شكرا
162,878,257,875,253,910,159,910,Arabic,مقدما
132,72,176,73,171,93,131,92,Arabic,مول
316,248,359,248,359,275,316,275,Arabic,في
362,248,469,248,469,272,362,272,Arabic,للمساعدة
563,253,608,253,608,278,563,280,Arabic,هي
612,253,700,253,700,275,609,279,Arabic,صحتكم
59,270,113,270,113,299,59,297,Arabic,وفقا
112,271,187,274,188,300,113,298,Arabic,صارمة
312,310,377,310,376,336,312,335,Arabic,لجميع
278,310,311,310,310,334,277,334,Arabic,زوار
182,307,275,307,275,335,183,338,Arabic,وموظفي
503,285,565,287,565,308,503,308,Arabic,تسوق
156,539,219,542,217,573,154,570,Arabic,درجة
429,385,478,384,477,409,430,410,Arabic,على
264,384,325,383,325,407,263,406,Arabic,المول
463,310,534,310,534,337,463,336,Arabic,الصحية
379,310,460,310,460,335,379,335,Arabic,العالمية
479,388,528,388,528,410,479,410,Arabic,يجب
186,411,251,411,251,438,186,438,Arabic,الوجه
252,411,333,411,333,438,252,438,Arabic,وأقنعة
334,416,385,416,385,438,334,438,Arabic,بهم
386,416,465,416,465,438,386,438,Arabic,الخاصة
468,416,528,416,528,438,468,438,Arabic,الأيدي
101,439,163,439,163,466,101,466,Arabic,المول
166,445,206,444,206,471,167,473,Arabic,في
207,444,311,444,311,466,207,466,Arabic,تواجدهم
312,444,362,444,362,466,312,466,Arabic,فترة
365,444,422,444,422,466,365,466,Arabic,طوال
423,444,526,444,526,472,423,472,Arabic,وارتدائهم
252,546,309,546,309,573,252,573,Arabic,حرارة
312,546,378,546,378,573,312,573,Arabic,بدرجة
379,546,433,546,433,573,379,573,Arabic,للزوار
437,544,499,551,496,575,435,569,Arabic,يسمح
500,546,526,546,526,567,500,567,Arabic,لن
261,573,321,573,321,600,261,600,Arabic,المول
537,315,639,315,639,337,537,337,Arabic,للممارسات
117,383,192,383,192,404,117,404,Arabic,قفازات
328,383,364,383,364,410,328,410,Arabic,زوار
368,383,428,383,428,410,368,410,Arabic,جميع
142,689,190,683,192,706,143,713,Arabic,على
490,956,686,954,686,969,490,972,English,WWW.MALLOFEGYPT.COM
293,714,355,713,354,737,293,738,Arabic,مترين
86,73,131,74,128,90,87,88,Arabic,مصر
263,248,312,249,314,270,261,271,Arabic,منع
196,382,262,383,264,407,195,406,Arabic,إحضار
457,875,530,872,528,904,458,907,Arabic,لكم
175,799,190,799,190,820,175,820,Arabic,و
566,283,628,284,627,308,566,306,Arabic,تجربة
219,544,253,545,251,571,218,568,Arabic,38
104,242,185,242,185,269,104,269,Arabic,كوفيد
188,242,259,242,259,269,188,269,Arabic,انتشار
476,248,557,248,557,280,476,280,Arabic,أولويتنا.
188,276,259,276,259,303,188,303,Arabic,وقائية
262,276,322,276,322,303,262,303,Arabic,تدابير
405,276,454,276,454,303,405,303,Arabic,أمانا
322,280,395,280,395,302,322,302,Arabic,وضعنا
455,281,502,281,502,303,455,303,Arabic,أكثر
627,287,700,287,700,309,627,309,Arabic,وضمان
122,304,179,304,179,331,122,331,Arabic,المول
106,169,240,169,240,219,106,219,Arabic,دائما
249,165,403,172,400,230,247,223,Arabic,يهتم
416,186,536,186,536,224,416,224,Arabic,مصر
542,186,658,186,658,236,542,236,Arabic,مول
56,242,84,242,84,264,56,264,Arabic,19
193,686,267,686,267,708,193,708,Arabic,الحفاظ
331,686,364,686,364,708,331,708,Arabic,زوار
434,709,449,709,449,730,434,730,Arabic,لا
450,709,523,709,523,730,450,730,Arabic,مسافة
117,714,195,714,195,741,117,741,Arabic,الأخرين
196,714,230,714,230,736,196,736,Arabic,عن
233,714,290,714,290,736,233,736,Arabic,بعيدا
355,714,388,714,388,736,355,737,Arabic,عن
360,787,428,787,428,814,360,814,Arabic,بصرامة
431,787,512,787,512,809,431,809,Arabic,الإجراءات
515,787,556,787,556,809,515,809,Arabic,هذه
561,787,610,787,610,809,561,809,Arabic,تنفيذ
610,787,667,787,667,809,610,809,Arabic,سيتم
246,793,285,793,285,820,246,820,Arabic,أمن
289,793,325,793,325,814,289,814,Arabic,قبل
328,793,356,793,356,814,328,814,Arabic,من
90,799,171,799,171,820,90,820,Arabic,سيطلب
191,799,245,799,245,820,191,820,Arabic,المول
405,815,454,815,454,837,405,837,Arabic,تنفيذ
490,815,549,815,549,837,490,837,Arabic,فشلوا
553,815,601,815,600,839,553,837,Arabic,الذين
188,821,256,821,256,842,188,842,Arabic,مغادرة
262,821,354,821,354,842,262,842,Arabic,التعليمات
357,821,401,821,401,837,357,837,Arabic,هذه
458,821,488,817,489,842,458,842,Arabic,في
130,827,185,827,185,848,130,848,Arabic,المول
614,928,687,928,687,955,614,955,English,16002
634,816,602,815,601,839,635,838,Arabic,من
