237,443,301,441,301,465,237,466,Arabic,الجامعى
253,480,325,478,327,508,254,508,Arabic,كارنيهات
301,442,348,442,348,463,301,463,Arabic,الطالب
400,351,673,349,654,476,400,437,Arabic,مكتبة
392,480,463,480,463,505,392,505,Arabic,مستندات
349,442,410,441,410,466,349,466,Arabic,مستلزمات
413,441,449,441,449,466,413,466,Arabic,جميع
594,474,636,474,636,505,594,505,Arabic,أدوات
126,480,186,480,186,512,126,512,Arabic,حلزوني
187,479,239,480,239,507,188,508,Arabic,تغليف
325,481,378,480,378,509,327,509,Arabic,تغليف
466,480,519,480,519,512,466,512,Arabic,تصوير
532,480,591,480,591,508,532,509,Arabic,مكتبية
262,518,313,522,313,550,264,551,Arabic,علمية
313,517,364,516,362,552,315,551,Arabic,أبحاث
415,518,466,520,466,551,416,551,Arabic,علمية
514,516,577,518,576,551,516,551,Arabic,وطباعة
578,513,623,513,623,551,578,551,Arabic,كتابة
136,517,193,519,193,550,138,552,Arabic,طلابية
195,519,258,519,258,551,195,551,Arabic,وخدمات
365,519,402,519,402,551,365,551,Arabic,عمل
468,520,515,520,514,550,467,551,Arabic,رسائل
0,597,58,642,45,670,0,645,Arabic,###
9,663,44,682,43,733,5,721,Arabic,###
0,733,42,740,42,784,0,778,Arabic,###
0,785,38,792,37,836,0,836,Arabic,###
0,902,34,902,34,952,1,954,Arabic,###
128,345,390,361,392,435,146,458,Arabic,الطلبة
0,843,34,843,34,901,0,901,Arabic,###
