344,423,393,423,394,441,344,443,Arabic,الثقة
304,370,483,355,484,408,302,421,Arabic,العربي
395,425,445,425,447,448,396,450,Arabic,صناع
322,607,370,602,370,636,322,641,English,499
311,536,355,530,356,566,311,571,English,345
277,544,307,539,307,572,277,576,English,24
244,547,272,544,272,576,243,581,English,58
210,552,237,552,236,580,210,581,English,03
182,623,258,614,259,648,182,658,English,01000
266,614,313,608,313,645,267,650,English,610
521,291,650,291,650,352,521,352,Arabic,موزع
135,303,258,303,258,339,135,339,Arabic,معتمد
356,348,419,347,419,365,356,367,Arabic,###
212,150,555,131,559,274,224,286,Arabic,عاليا
