412,338,476,338,476,370,412,370,Arabic,تحقيق
652,337,725,336,725,364,652,365,Arabic,للوحدة
593,338,648,338,649,367,593,370,Arabic,الدور
357,341,407,345,408,370,356,368,Arabic,جودة
157,274,287,270,288,297,156,299,Arabic,المستفيدين
559,271,653,269,653,293,560,294,Arabic,للحصول
509,270,555,268,558,293,510,296,Arabic,على
415,269,506,269,506,294,415,294,Arabic,الاعتماد
342,272,408,271,409,297,341,295,Arabic,وكسب
295,271,336,276,337,296,295,297,Arabic,رضا
722,227,795,226,796,254,723,256,Arabic,تحقيق
315,238,358,236,360,260,315,261,Arabic,على
643,232,716,230,716,257,643,259,Arabic,مستوى
585,232,639,231,639,261,584,261,Arabic,رفيع
364,231,474,233,473,258,365,256,Arabic,والمحافظة
706,189,799,187,801,221,705,224,Arabic,الرؤية
443,153,534,153,533,196,444,200,Arabic,ضمان
320,149,439,151,439,201,321,201,Arabic,الجودة
388,464,471,464,471,490,388,489,Arabic,الاعتماد.
750,458,825,455,828,484,750,488,Arabic,والسعى
676,458,743,458,743,486,676,486,Arabic,لإعداد
729,338,780,336,780,363,729,365,Arabic,يكون
209,345,289,341,290,368,209,371,Arabic,المؤسسى
253,380,343,376,343,411,253,408,Arabic,والبحثية
608,377,699,377,699,406,608,406,Arabic,والأرتقاء
178,382,246,382,246,409,178,407,Arabic,وخدمة
350,382,440,381,440,408,350,411,Arabic,التعليمية
748,415,822,413,823,439,750,446,Arabic,الطلاب
667,416,746,415,746,444,669,446,Arabic,والبيئة
131,422,210,420,210,452,130,449,Arabic,الجامعة
365,422,429,423,430,451,365,452,Arabic,ويتفق
524,463,602,460,604,490,522,490,Arabic,للحصول
537,146,634,158,633,199,537,196,Arabic,وحدة
760,948,869,942,872,978,762,981,Arabic,الشفافية:
569,948,642,947,642,980,569,980,Arabic,شفافة
645,951,742,951,745,981,646,982,Arabic,ممارسات
383,960,490,957,491,991,383,991,Arabic,بالوضوح
736,545,807,542,811,577,738,580,Arabic,تنمية
711,379,818,370,821,402,711,406,Arabic,والأكاديمي
639,503,738,501,739,536,640,537,Arabic,الوحدة
480,229,545,229,545,256,480,256,Arabic,الأداء
146,235,226,234,226,261,146,261,Arabic,الراقي
229,235,308,235,308,261,229,261,Arabic,الانجاز
549,235,580,235,580,261,549,261,Arabic,من
658,263,732,263,732,294,658,294,Arabic,التأهل
735,265,801,266,802,292,735,292,Arabic,بهدف
714,300,811,298,812,330,714,332,Arabic,الرسالة
483,338,513,338,513,369,481,370,Arabic,فى
516,338,589,338,589,371,515,370,Arabic,القيادى
294,344,352,344,352,365,294,365,Arabic,الاداء
529,380,604,379,603,408,529,408,Arabic,المستمر
445,382,527,382,527,408,445,408,Arabic,بالعملية
214,420,333,420,331,452,214,452,Arabic,إستراتيجية
495,416,548,420,548,451,495,450,Arabic,رسالة
554,420,607,420,607,449,553,449,Arabic,يحقق
614,420,648,420,648,449,614,449,Arabic,بما
608,458,672,458,672,490,608,490,Arabic,الكلية
474,464,518,464,518,490,474,490,Arabic,على
741,500,830,493,831,529,743,532,Arabic,أهداف
208,556,314,556,314,588,208,588,Arabic,التدريس
727,592,837,586,839,620,729,626,Arabic,ومعاونيهم
744,676,820,676,820,713,744,713,Arabic,تحقيق
826,683,845,683,847,705,834,706,Arabic,3
445,725,521,725,521,762,445,762,Arabic,وفعالة
525,725,598,725,598,762,525,762,Arabic,مدربة
602,725,702,721,702,762,602,762,Arabic,أكاديمية
658,818,779,818,779,860,658,860,Arabic,الوحدة
554,872,580,872,580,898,554,898,Arabic,لا
817,548,830,547,832,571,822,572,Arabic,1
784,335,810,334,808,362,783,364,Arabic,أن
432,421,495,421,495,450,431,452,Arabic,الكلية
336,426,366,426,364,451,333,453,Arabic,مع
817,905,866,904,867,933,816,935,Arabic,أحد
832,730,847,730,849,750,835,752,Arabic,4
244,876,285,877,282,911,240,908,Arabic,ولا
287,875,337,874,337,908,282,909,Arabic,أخر
338,876,370,874,369,908,336,906,Arabic,أو
665,111,736,108,736,135,664,132,Arabic,الهندسة
748,908,813,905,813,935,748,939,Arabic,داخل
823,639,843,635,843,659,830,660,Arabic,2
649,81,702,80,700,107,648,112,Arabic,الشيخ
706,83,740,82,739,105,703,109,Arabic,كفر
566,992,671,992,671,1029,566,1029,Arabic,والتوافق
492,997,562,997,562,1029,492,1029,Arabic,وعدم
741,82,789,82,787,108,741,108,Arabic,جامعة
738,109,776,109,777,133,739,135,Arabic,كلية
643,137,702,137,702,162,643,163,Arabic,الجودة
577,772,687,772,687,806,578,807,Arabic,والاعتماد
495,955,565,953,565,987,494,988,Arabic,تتسم
206,960,305,959,305,991,205,995,Arabic,الغموض.
310,962,380,960,380,990,309,991,Arabic,وعدم
302,998,383,997,384,1035,301,1033,Arabic,بالرأى.
389,997,488,997,488,1030,389,1033,Arabic,الانفراد
497,551,575,551,577,584,498,582,Arabic,الجودة
704,138,748,139,750,161,704,163,Arabic,ضمان
381,554,451,550,452,583,380,583,Arabic,أعضاء
454,554,494,554,495,585,454,586,Arabic,بين
662,552,728,549,729,579,655,581,Arabic,الوعى
623,595,722,592,722,626,623,626,Arabic,والعاملين
439,595,521,594,522,628,440,626,Arabic,بالكلية.
525,593,619,594,620,625,525,626,Arabic,والطلاب
598,634,677,640,677,670,600,665,Arabic,ورسالة
679,632,736,634,737,670,679,670,Arabic,رؤية
741,632,815,632,815,670,741,670,Arabic,تحقيق
431,638,503,638,503,670,431,673,Arabic,الكلية
507,638,595,633,594,669,507,670,Arabic,وأهداف
682,676,739,679,740,714,683,714,Arabic,رؤية
416,684,505,684,506,716,421,716,Arabic,الوحدة
509,681,596,678,597,716,509,713,Arabic,وأهداف
601,680,678,681,679,714,601,712,Arabic,ورسالة
778,725,823,721,825,759,777,757,Arabic,بناء
706,726,770,725,770,757,704,758,Arabic,كوادر
201,737,340,730,340,767,198,768,Arabic,تقويمالاداء
343,733,401,734,401,767,344,767,Arabic,مجال
409,731,444,728,444,768,409,768,Arabic,فى
777,772,853,772,856,807,777,807,Arabic,وضمان
691,771,773,771,773,806,690,807,Arabic,الجودة
789,819,857,814,857,858,789,860,Arabic,قيم
369,874,433,873,433,905,369,906,Arabic,طرف
484,872,552,869,551,900,484,904,Arabic,تفرق
584,867,654,870,654,896,585,895,Arabic,عادلة
658,868,755,869,755,898,658,897,Arabic,ممارسات
770,865,861,866,863,891,772,893,Arabic,العدالة:
144,877,239,876,239,904,138,915,Arabic,تستثنى
439,874,479,874,479,905,438,905,Arabic,بين
651,907,743,908,743,938,652,942,Arabic,منظومة
563,910,648,910,648,941,563,942,Arabic,الجودة
578,547,654,545,654,583,580,578,Arabic,بثقافة
674,990,766,987,769,1025,675,1028,Arabic,التشاور
771,994,872,983,875,1023,774,1023,Arabic,الشورى:
751,137,799,137,799,157,753,157,Arabic,وحدة
317,551,376,551,376,588,317,588,Arabic,هيئة
