401,331,504,331,506,381,400,385,Arabic,تتذكر
509,329,564,334,569,382,511,385,Arabic,هل
473,399,563,396,568,448,476,453,Arabic,مكان
417,699,465,698,465,713,416,714,Arabic,السبت:
490,526,552,526,553,547,490,547,Arabic,ساعات
324,526,388,526,388,548,324,548,Arabic,التجارى
220,177,427,177,422,306,220,300,English,H1
440,597,489,597,489,613,440,611,Arabic,الأربعاء:
492,598,514,598,514,614,492,612,Arabic,إلى
517,598,548,598,548,612,517,612,Arabic,الأحد
339,620,361,620,361,634,339,634,Arabic,إلى
363,618,405,620,404,633,364,634,Arabic,صباحا
387,598,428,598,428,612,387,612,Arabic,صباحا
362,598,384,598,384,612,362,612,Arabic,إلى
290,594,344,596,344,612,291,610,Arabic,منتصف
253,594,288,594,288,612,253,612,Arabic,الليل
509,569,548,571,549,588,511,586,Arabic,صيفا:
448,530,487,530,487,548,448,548,Arabic,عمل
393,530,441,530,441,548,393,548,Arabic,المول
359,676,349,675,349,689,359,690,Arabic,10
437,677,426,677,426,690,438,689,Arabic,10
339,618,331,619,331,632,339,632,Arabic,1
418,618,405,618,406,633,418,633,Arabic,10
359,594,345,595,345,610,359,611,Arabic,12
439,597,426,598,428,611,439,610,Arabic,10
467,699,489,699,489,716,466,714,Arabic,إلى
339,699,361,699,361,713,339,713,Arabic,إلى
515,676,546,676,546,690,515,690,Arabic,الأحد
490,676,512,676,512,692,490,693,Arabic,إلى
438,675,487,675,487,692,437,690,Arabic,الأربعاء:
385,676,426,676,426,690,385,690,Arabic,صباحا
360,676,382,676,382,690,360,690,Arabic,لإلى
306,676,348,676,348,690,306,690,Arabic,مساءا
509,646,546,646,546,664,509,664,Arabic,شتاءا:
492,620,548,620,548,634,492,634,Arabic,الخميس
419,620,466,620,466,634,419,634,Arabic,السبت:
289,617,331,618,330,633,288,632,Arabic,صباحا
306,390,465,404,467,452,307,445,Arabic,سيارتك؟
364,699,404,699,404,714,364,715,Arabic,صباحا
285,699,326,700,326,713,285,713,Arabic,مساءا
328,698,338,698,338,712,327,712,Arabic,11
467,619,491,619,491,633,467,634,Arabic,إلى
491,699,546,699,546,715,491,716,Arabic,الخميس
405,699,416,699,415,713,405,712,Arabic,10
