314,234,339,234,339,248,314,251,Arabic,2020
271,197,308,197,309,215,271,217,Arabic,الفساد
343,308,379,308,379,324,343,324,English,16100
341,232,376,232,376,252,341,252,Arabic,ديسمبر
242,163,334,159,336,187,244,193,Arabic,الفساد
311,194,357,193,358,212,311,214,Arabic,مكافحة
359,192,382,191,384,212,361,214,Arabic,على
386,190,429,190,430,208,386,213,Arabic,متحدون
341,155,454,147,456,180,344,189,Arabic,لمكافحة
378,229,388,228,390,248,379,248,Arabic,9
369,110,430,101,433,135,367,148,Arabic,اليوم
261,116,357,106,359,140,260,156,Arabic,العالمي
