15,922,280,924,282,1005,19,1007,English,BABY,
613,932,667,932,671,999,617,1003,English,&
714,932,960,934,958,1003,710,1009,English,BOYS
494,175,811,193,809,304,488,288,Arabic,يمكنك
154,179,459,173,455,290,162,304,Arabic,الاختيار
187,720,362,720,362,797,193,797,English,MIX
409,316,756,312,750,413,405,434,Arabic,الاطفال
35,310,302,312,304,419,37,426,Arabic,البنات
320,454,637,450,641,565,310,571,Arabic,والاولاد
494,724,833,732,829,811,496,803,English,MATCH
395,732,449,730,455,801,399,805,English,&
772,355,924,341,922,430,770,440,Arabic,من
51,825,439,829,443,900,45,902,English,ACROSS
475,829,948,837,948,910,473,902,English,SELECTED
310,928,578,924,578,999,314,1007,English,GIRLS
