497,716,583,714,584,751,495,751,Arabic,صدر
234,704,370,704,370,741,234,741,Arabic,السلسلة
174,396,206,396,204,433,173,434,Arabic,أن
376,707,444,706,443,744,375,744,Arabic,هذه
555,394,648,385,648,429,556,433,Arabic,الأحلام
272,197,398,192,399,313,267,321,Arabic,بان
411,212,553,220,546,317,410,311,Arabic,بيتر
553,339,616,338,616,371,553,374,Arabic,تطير
258,342,303,342,303,380,257,382,Arabic,إلى
306,344,395,344,395,376,306,377,Arabic,ومشعل
480,342,549,342,549,370,480,370,Arabic,نسمة
402,350,474,350,474,375,402,375,Arabic,وجود
207,400,323,397,323,433,207,434,Arabic,ويكتشفون
330,399,375,399,375,433,330,433,Arabic,بان
435,398,507,397,507,432,435,434,Arabic,بطلهم
380,404,428,403,428,430,380,431,Arabic,بيتر
513,405,551,405,551,433,513,433,Arabic,مع
289,454,317,454,318,488,288,487,Arabic,إلا
391,453,470,453,471,484,392,484,Arabic,الرائعة
477,454,601,449,601,483,478,488,Arabic,مغامراتهم
322,456,386,456,386,484,322,484,Arabic,ليست
216,463,281,463,281,488,216,487,Arabic,مجرد
387,510,445,510,445,539,387,539,Arabic,بداية
191,342,253,340,252,379,191,381,Arabic,أرض
449,713,492,713,491,751,449,754,Arabic,من
