516,177,626,179,626,264,513,267,Arabic,علي
640,180,815,167,815,242,635,252,Arabic,احصل
938,174,1070,158,1065,230,932,245,Arabic,اشتر
882,174,925,171,923,232,882,229,Arabic,2
825,198,862,192,862,251,828,249,Arabic,و
50,151,279,174,280,270,55,273,Arabic,مجانا
299,180,437,189,443,248,299,264,Arabic,مجانا
22,348,444,349,434,549,58,565,English,Buy
74,564,1037,533,1032,821,96,833,English,FREE
656,318,1067,318,1009,504,631,539,English,Get1
488,339,616,335,585,518,460,510,English,2
463,186,493,186,491,245,468,246,Arabic,1
