733,586,804,586,803,606,732,605,Arabic,سبينيس
773,497,806,505,800,525,767,517,Arabic,أقل
739,535,795,535,795,554,739,554,Arabic,منتجات
725,509,769,497,768,514,730,529,Arabic,سعر
237,442,289,442,289,461,237,461,English,Bake
269,161,404,165,404,195,271,191,English,Cleaning
516,241,626,243,626,272,516,272,Arabic,منظفات
267,492,305,492,305,516,267,516,Arabic,طبخ
410,160,493,162,490,191,410,188,English,Tools
310,491,404,492,404,515,310,515,Arabic,مستلزمات
174,443,232,446,232,461,174,461,English,Home
736,611,782,630,774,652,725,628,Arabic,جودة
778,633,814,600,829,613,789,647,Arabic,أعلى
