576,542,604,541,604,557,577,558,English,###
323,468,371,467,373,487,322,489,Arabic,محمول
372,464,424,465,422,486,372,486,Arabic,تليفون
420,547,450,546,450,563,421,561,English,###
451,545,486,546,488,561,451,561,English,###
530,543,574,542,577,559,531,557,English,###
326,571,357,571,356,587,326,587,English,###
438,499,507,498,508,522,439,524,Arabic,تطبيقنا
430,462,486,462,484,486,432,486,Arabic,الانترنت
300,400,624,396,626,430,301,440,English,maxfashion.com
526,461,582,459,582,481,526,483,Arabic,المتاجر
358,572,378,572,377,586,358,586,English,###
316,298,596,257,598,363,322,384,Arabic,أونلاين
509,494,553,494,553,519,508,523,Arabic,حمل
487,460,517,460,519,483,487,484,Arabic,على
582,458,609,456,611,479,582,484,Arabic,في
316,187,582,153,574,241,328,273,Arabic,تسوق
