458,469,493,469,492,485,457,485,Arabic,الملابس
453,359,491,358,491,372,454,375,Arabic,الملابس
424,380,460,379,459,397,424,396,Arabic,الاطفال
424,469,458,469,456,484,424,484,Arabic,النسائية
392,469,424,469,424,483,393,483,Arabic,الداخلية
420,447,456,447,456,465,420,464,Arabic,النسائية
396,221,496,220,496,248,392,265,Arabic,دليل
390,267,497,252,493,287,389,299,Arabic,المتجر
461,380,491,380,490,396,459,397,Arabic,ملابس
424,359,453,358,454,375,424,375,Arabic,الرجالية
458,448,494,448,492,466,455,466,Arabic,الملابس
479,321,496,321,496,350,479,350,Arabic,###
