505,125,618,125,615,180,506,179,English,Abu
381,1174,425,1174,425,1199,381,1199,Arabic,يعمل
300,1174,341,1174,341,1199,300,1199,Arabic,تقوية
249,1173,296,1173,296,1192,249,1192,Arabic,الشعر
291,1120,389,1120,389,1146,291,1146,Arabic,بالبوليفينول
479,274,725,263,728,321,482,331,English,Benefits
477,180,649,180,649,259,477,259,English,Oils
381,654,435,653,434,677,381,677,Arabic,يحتوي
613,674,676,674,676,693,615,695,Arabic,فيتامين
363,680,434,680,436,700,363,699,Arabic,تيربينول
386,1072,442,1074,440,1096,385,1095,Arabic,الجذرية
274,1095,318,1094,318,1115,275,1114,Arabic,للجلد
408,1100,440,1100,439,1123,406,1123,Arabic,فوق
196,1118,244,1117,243,1140,192,1140,Arabic,تساعد
164,1117,191,1115,190,1142,161,1142,Arabic,في
246,1120,287,1120,290,1144,246,1145,Arabic,والتي
392,1128,426,1127,428,1147,392,1150,Arabic,غني
238,1147,297,1147,296,1166,237,1165,Arabic,المبكرة
300,1147,379,1148,378,1171,297,1167,Arabic,الشيخوخة
381,1149,442,1152,439,1174,380,1171,Arabic,مكافحة
174,1167,247,1169,245,1196,174,1193,Arabic,والتخلص
146,1169,173,1174,173,1193,147,1193,Arabic,من
345,1174,377,1174,378,1199,342,1198,Arabic,على
378,1207,438,1206,440,1227,378,1226,Arabic,مشاكل
321,1200,374,1200,374,1226,320,1224,Arabic,القشرة
731,450,770,450,771,474,730,472,Arabic,زيت
632,454,656,449,655,473,627,475,Arabic,بكر
662,454,724,446,727,473,661,476,Arabic,الزيتون
613,676,602,677,602,693,614,693,English,E
554,507,582,507,582,527,554,528,Arabic,يتم
584,507,616,507,616,528,583,532,Arabic,الذي
620,507,642,507,643,526,620,528,Arabic,هو
644,508,688,507,687,528,646,529,Arabic,النقي
745,507,772,507,772,526,746,526,Arabic,زيت
488,534,526,530,526,553,488,553,Arabic,البكر
528,533,576,532,576,551,528,553,Arabic,تسمى
578,534,619,529,619,553,578,553,Arabic,والتي
624,531,659,530,659,550,624,551,Arabic,البارد
719,530,774,530,774,549,719,546,Arabic,بطريقة
521,556,568,554,567,572,523,572,Arabic,عملية
638,554,677,553,679,572,638,573,Arabic,جودة
273,1047,301,1041,299,1068,272,1069,Arabic,في
305,1046,352,1046,353,1068,303,1067,Arabic,يساعد
369,1047,440,1047,441,1072,369,1069,Arabic,وفيتامين
154,1063,212,1063,212,1090,152,1088,Arabic,والأشعة
216,1066,263,1066,263,1091,216,1088,Arabic,التلوث
292,1069,342,1070,342,1092,293,1090,Arabic,الناتجة
267,1074,290,1072,291,1091,267,1093,Arabic,عن
354,732,394,727,392,750,354,753,Arabic,الحرة
619,123,712,123,706,178,617,176,English,Auf
749,475,771,476,772,499,750,498,English,oil
609,100,752,92,753,117,611,128,English,Selection
484,107,601,103,602,125,482,124,English,Premium
183,729,230,729,229,751,183,753,Arabic,داخل
126,729,183,726,184,749,126,750,Arabic,الجسم
690,508,743,507,743,526,688,528,Arabic,الزيتون
663,530,717,530,718,546,661,551,Arabic,الكبس
571,555,597,555,593,571,566,574,Arabic,في
597,556,634,556,634,573,594,573,Arabic,ويتم
679,552,734,550,733,570,679,575,Arabic,الأفضل
621,577,683,577,681,593,620,597,Arabic,استخراج
683,576,719,577,717,592,683,592,Arabic,هذه
671,597,740,598,739,616,670,619,Arabic,كيميائية.
742,598,775,597,776,616,739,620,Arabic,مواد
679,676,713,678,712,694,677,699,Arabic,علي
606,700,651,701,651,719,606,721,Arabic,يحمي
652,699,708,698,708,718,652,718,Arabic,اكسدة
711,700,765,701,765,717,709,718,Arabic,كمضاد
657,724,719,724,719,743,657,743,Arabic,كمرطب
404,879,446,879,445,903,402,902,Arabic,زيت
264,969,278,968,279,986,265,985,Arabic,6
354,1048,369,1049,368,1065,353,1066,English,E
322,1097,407,1101,405,1118,318,1116,Arabic,البنفسجية
137,1015,152,1015,149,1035,135,1033,English,C
362,616,416,614,415,638,362,637,English,Seed
305,613,361,614,361,640,305,638,English,Black
408,587,450,586,448,612,404,612,Arabic,زيت
366,587,401,587,401,612,362,612,Arabic,حبة
581,576,620,575,619,597,581,595,Arabic,الزيت
306,580,359,580,360,611,304,612,Arabic,البركة
720,575,775,574,774,596,720,597,Arabic,الكبس
735,553,775,554,775,573,735,574,Arabic,وهي
321,1019,389,1020,389,1044,321,1042,Arabic,بمضادات
512,507,552,507,552,526,510,528,Arabic,انتاجه
700,476,745,476,746,498,701,499,English,olive
643,477,698,477,698,500,646,498,English,virgin
589,480,641,478,641,499,590,498,English,extra
542,335,765,300,767,426,538,422,Arabic,###
228,654,263,654,263,679,228,679,Arabic,علي
117,653,224,653,224,676,115,676,Arabic,الثيموكوينون
420,614,446,614,446,639,420,639,English,Oil
548,580,577,580,577,599,548,599,Arabic,دون
503,574,544,574,544,599,503,599,Arabic,إضافة
349,902,413,903,413,926,351,926,English,Seeds
416,904,446,903,446,926,417,926,English,Oil
485,694,535,694,535,719,485,719,Arabic,الاكزيما
575,450,624,451,623,473,574,476,Arabic,###
343,705,380,707,381,722,344,723,Arabic,هذه
539,700,562,700,562,719,539,719,Arabic,من
584,787,679,787,679,813,584,813,English,19969
231,967,263,967,263,993,231,993,Arabic,الذي
279,967,335,967,335,993,279,993,Arabic,الاوميجا
339,974,389,974,389,993,339,993,Arabic,بحمض
150,1014,212,1014,212,1036,149,1036,Arabic,فيتامين
216,1014,247,1014,246,1037,213,1038,Arabic,مثل
347,653,379,652,379,676,350,675,Arabic,زيت
318,654,346,654,348,674,318,673,Arabic,حبة
266,653,313,653,313,675,266,672,Arabic,البركة
717,647,775,647,775,673,718,673,Arabic,فوائدة:
190,701,232,702,232,723,188,723,Arabic,حماية
234,702,271,701,271,723,234,725,Arabic,على
273,700,341,700,342,724,272,725,Arabic,المركبات
105,705,132,705,133,725,108,726,Arabic,من
383,704,436,705,435,721,385,720,Arabic,تساعد
545,722,604,721,602,743,544,741,Arabic,والوجه.
604,723,657,720,654,740,602,744,Arabic,للشعر
721,724,765,725,768,744,721,745,Arabic,يعمل
396,726,446,727,446,749,393,752,Arabic,الجذور
230,730,300,728,301,751,228,753,Arabic,الموجودة
303,728,351,727,353,753,303,753,Arabic,الضارة
339,755,387,753,387,775,339,774,Arabic,البيئة
388,755,447,755,445,780,389,776,Arabic,وكذلك
293,874,350,874,347,901,290,900,Arabic,العنب
356,876,400,873,400,900,354,901,Arabic,بذور
287,901,347,903,348,927,288,926,English,Grape
588,814,679,815,679,830,588,829,English,abuauf.com
190,966,231,966,228,990,187,989,Arabic,يعالج
159,967,185,967,186,987,157,986,Arabic,حب
393,974,425,974,425,995,393,996,Arabic,غني
385,997,443,998,443,1019,386,1017,Arabic,الشباب
258,1014,320,1014,320,1038,256,1039,Arabic,الأكسدة
390,1026,425,1027,425,1045,390,1046,Arabic,غني
155,1037,201,1036,202,1059,153,1060,Arabic,الأضرار
204,1040,240,1040,239,1066,204,1066,Arabic,وإزالة
242,1043,271,1045,270,1064,241,1064,Arabic,منع
345,1074,383,1074,383,1093,345,1093,Arabic,الحرة
713,680,766,678,765,699,713,698,Arabic,يحتوي
565,697,604,695,603,718,567,719,Arabic,الجلد
133,703,188,703,188,724,134,726,Arabic,البشرة
