349,224,385,221,386,242,353,247,Arabic,240
407,217,435,217,437,241,407,241,Arabic,220
111,277,178,277,178,304,111,304,Arabic,الغلاية
365,63,535,46,543,125,373,142,English,1.7L
184,274,239,274,239,298,184,299,Arabic,دوران
329,266,363,266,363,290,329,290,Arabic,مع
242,268,324,264,328,293,245,298,Arabic,إمكانية
367,260,462,255,464,280,369,285,Arabic,منفصلة
396,183,438,178,440,199,398,203,Arabic,1850
484,337,554,334,556,362,484,365,Arabic,مفتاح
152,315,213,313,213,339,152,343,Arabic,المياه
216,310,299,310,299,336,216,338,Arabic,مستوى
299,308,394,297,397,327,302,338,Arabic,لمقباس
398,299,477,293,478,322,400,330,Arabic,خلفية
478,296,546,290,548,315,480,321,Arabic,نافذة
22,284,71,282,73,308,24,309,Arabic,درجة
77,283,107,283,107,301,77,301,Arabic,360
465,255,540,248,542,273,467,281,Arabic,قاعدة
285,225,348,225,348,249,285,249,Arabic,فولت
166,137,280,126,282,149,168,159,English,STAINLESS
450,217,534,208,537,234,452,243,Arabic,الفولت
299,189,339,187,341,211,299,209,Arabic,وات
344,184,375,184,380,205,345,205,Arabic,2200
451,174,527,166,530,195,455,204,Arabic,القدرة
90,144,163,136,166,159,92,167,English,KETTLE
283,124,349,119,350,143,285,148,English,STEEL
87,108,159,98,163,126,92,135,Arabic,ستيل
162,100,274,83,278,111,166,128,Arabic,إستانلس
279,85,345,78,348,110,282,116,Arabic,غلاية
497,425,568,425,568,454,497,454,Arabic,مخزن
405,428,493,425,493,452,405,452,Arabic,للسلك
98,398,185,398,185,421,98,421,Arabic,لسهولة
8,398,95,398,95,425,8,425,Arabic,التنظيف
187,393,289,390,290,418,188,422,Arabic,والتركيب
295,390,351,387,353,411,295,413,Arabic,الفك
357,387,421,387,421,413,357,416,Arabic,سهل
424,381,504,381,504,410,426,413,Arabic,داخلي
506,381,560,376,562,404,508,409,Arabic,فلتر
98,357,161,354,161,386,98,390,Arabic,ضوئي
164,350,227,350,228,377,165,381,Arabic,مؤشر
231,351,266,351,266,378,231,378,Arabic,مع
269,347,348,346,350,373,271,379,Arabic,الايقاف
370,345,477,335,480,365,372,374,Arabic,للتشغيل
368,347,351,347,352,372,369,371,Arabic,و
