1629,1042,2259,1085,2256,1336,1631,1327,Arabic,إلحقي
418,1353,1358,1428,1352,1717,410,1581,Arabic,بـ800جـ
1390,1490,2491,1514,2481,1832,1392,1769,Arabic,إكسبي
377,1691,987,1769,977,1978,389,1870,English,Makeup
487,2096,818,2123,820,2239,486,2219,Arabic,800جـ
851,2113,1231,2176,1217,2331,843,2259,Arabic,بقيمة
1243,2168,1834,2258,1845,2441,1234,2328,Arabic,مشتريات
264,643,1038,670,1033,748,265,713,English,LABORATOIRES
1855,2256,2044,2273,2024,2490,1858,2473,Arabic,أي
2061,2309,2377,2371,2365,2532,2052,2506,Arabic,علي
398,2961,532,2989,519,3116,398,3114,English,V
1012,1759,2529,1975,2499,2169,992,1943,Arabic,منتجات+شنطة
616,985,1092,1017,1077,1235,601,1203,Arabic,فبراير
391,2865,562,2916,539,2993,368,2942,English,VICHY
1108,1029,1595,1046,1595,1258,1111,1258,Arabic,عرض
180,310,1112,355,1098,640,166,596,English,VICHY
