94,616,275,600,276,660,93,681,Arabic,علوي
377,266,455,266,455,290,377,290,Arabic,حياتك
380,29,430,46,422,70,372,53,Arabic,محمد
333,33,372,33,372,60,333,60,Arabic,خضر
258,80,321,33,334,59,282,103,Arabic,للتحاليل
285,591,457,578,457,643,284,665,Arabic,الثاني
255,489,455,483,453,536,258,545,Arabic,تهمنا
441,47,494,108,469,118,420,69,Arabic,الدكتور
252,424,454,426,455,484,249,488,Arabic,حياتك
467,595,602,577,601,623,469,642,Arabic,الدور
279,264,360,264,360,288,279,288,Arabic,تهمنا
467,121,492,111,504,171,479,174,Arabic,معامل
257,86,280,101,260,158,233,148,Arabic,الطبية
