487,630,795,591,819,725,504,766,Arabic,معامل
911,386,1091,359,1091,495,906,533,Arabic,إطمن
301,93,696,89,710,273,310,300,Arabic,حافظ
503,866,1090,774,1100,1112,548,1231,Arabic,جرين
581,1243,827,1197,838,1309,600,1356,Arabic,الطبية
301,447,684,416,686,530,310,575,Arabic,مناعتك
0,148,256,124,263,325,0,369,Arabic,على
1066,1280,1090,1280,1090,1371,1066,1371,English,Fine
749,45,1012,50,1024,277,760,302,Arabic,عفوا
1066,1380,1090,1380,1090,1462,1066,1462,English,ART
708,413,878,393,878,519,708,553,Arabic,على
832,591,977,549,988,700,830,720,Arabic,فى
835,1203,1074,1130,1076,1236,844,1318,Arabic,للتحاليل
