570,1007,724,1013,723,1036,570,1033,English,HOTLINE
573,1040,722,1042,719,1073,570,1069,English,16367
667,414,751,411,750,469,660,475,Arabic,قم
486,416,644,420,639,472,483,468,Arabic,بمسح
568,481,748,475,748,536,566,537,Arabic,لعرض:
529,576,623,581,623,623,528,624,Arabic,المول
633,583,710,585,710,626,633,626,Arabic,دليل
314,399,467,395,467,459,313,458,Arabic,الكود
501,654,596,654,596,693,501,693,Arabic,موقع
612,720,713,720,713,759,612,759,Arabic,وكريم
246,834,386,834,386,879,246,879,Arabic,المتحركة
396,840,551,840,551,886,396,886,Arabic,والكراسي
492,787,587,787,587,826,491,830,Arabic,المول
319,638,383,634,382,685,318,684,Arabic,أوبر
390,656,491,656,491,689,390,687,Arabic,صعود
605,653,708,656,707,697,606,694,Arabic,خريطة
446,715,605,712,605,759,447,763,Arabic,والتاكسي
375,786,484,784,482,826,375,823,Arabic,لعربات
597,794,698,794,698,834,597,833,Arabic,خريطة
561,840,695,844,695,886,561,886,Arabic,الأطفال
