647,2520,733,2515,730,2564,644,2569,Arabic,تدير
83,2520,330,2517,331,2567,82,2566,Arabic,والمتحصلات
1709,1744,1833,1693,1844,1728,1729,1786,Arabic,موردين
1019,579,1313,576,1311,664,1019,665,Arabic,الشركات
670,485,1110,481,1110,563,669,556,Arabic,والمتحصلات
1110,484,1485,470,1484,559,1110,568,Arabic,للمدفوعات
1488,485,1714,462,1714,559,1487,572,Arabic,الأهلى
1720,480,1911,480,1917,548,1718,549,Arabic,خدمة
1638,1379,1761,1361,1773,1417,1656,1428,Arabic,حكومية
1632,1316,1765,1304,1762,1355,1650,1374,Arabic,مدفوعات
1543,580,1748,566,1748,651,1538,670,Arabic,الأمثل
1644,936,1848,907,1868,989,1655,1018,Arabic,الإضافة
1651,876,1822,848,1834,912,1666,933,Arabic,خدمة
1316,587,1534,582,1536,660,1319,672,Arabic,لجميع
1679,1024,1828,1000,1851,1074,1690,1096,Arabic,المباشرة
1756,583,1919,579,1919,663,1758,665,Arabic,الحل
1089,2520,1181,2513,1180,2560,1087,2564,Arabic,تقدر
1729,2553,1862,2550,1866,2635,1722,2634,Arabic,البنك
304,838,462,798,470,856,320,911,Arabic,تحصيل
233,1302,381,1261,403,1331,257,1380,Arabic,تحصيل
680,1354,874,1306,897,1394,705,1447,Arabic,الأقساط
230,1397,437,1323,457,1409,253,1481,Arabic,الفواتير
681,1474,897,1405,920,1485,704,1544,Arabic,العقارية
1301,1473,1484,1536,1446,1623,1243,1559,Arabic,الفواتير
1666,1699,1823,1642,1840,1680,1690,1746,Arabic,مستحقات
1117,1075,1382,1073,1387,1218,1113,1213,Arabic,الرواتب
794,854,915,858,915,893,791,882,Arabic,خدمة
311,914,485,876,497,958,316,990,Arabic,أقساط
323,998,495,962,513,1034,335,1081,Arabic,القروض
1428,2555,1565,2555,1563,2638,1425,2638,Arabic,المصرى
939,2518,1085,2508,1085,2564,940,2573,Arabic,دلوقتى
870,2526,936,2521,936,2570,868,2573,Arabic,من
732,2520,869,2514,870,2559,732,2561,Arabic,مكانك
547,2517,644,2515,644,2557,545,2560,Arabic,كافة
333,2518,544,2512,544,2566,333,2568,Arabic,المدفوعات
1112,2593,1177,2590,1177,2636,1113,2634,Arabic,من
1011,2586,1111,2584,1111,2625,1008,2636,Arabic,خلال
906,2590,1008,2581,1008,2627,905,2641,Arabic,نظام
813,2586,901,2575,904,2636,811,2636,Arabic,بوفر
747,2586,811,2585,809,2623,744,2624,Arabic,لك
728,876,828,887,828,936,721,932,Arabic,المباشر
836,895,920,899,920,949,831,944,Arabic,الخصم
1176,962,1364,958,1362,1076,1174,1072,Arabic,توزيع
1567,2555,1730,2553,1719,2631,1566,2636,Arabic,الأهلى
