532,106,573,105,573,131,532,133,Arabic,سنة
617,105,647,101,647,126,615,131,Arabic,في
717,94,766,86,766,112,712,122,Arabic,ملامح
650,97,715,88,712,114,649,124,Arabic,القاهرة
754,182,787,177,788,198,753,205,Arabic,اجاثا
338,124,398,118,400,147,340,154,Arabic,جمال
376,245,446,232,447,260,377,279,Arabic,السريع
467,332,497,333,493,387,464,385,Arabic,مقتل
13,449,78,434,84,454,17,469,Arabic,الآداب
98,299,194,282,195,298,101,314,English,BOOKSTORE
55,304,95,298,97,314,59,321,English,JARIR
432,315,466,311,461,413,430,419,Arabic,الكومنداتور
575,98,616,93,616,123,576,127,Arabic,ألف
450,229,514,224,512,252,452,262,Arabic,الشرق
518,220,566,211,565,239,514,251,Arabic,قطار
571,209,597,207,597,242,570,246,Arabic,في
600,208,659,204,660,230,600,237,Arabic,جريمة
698,195,752,182,751,207,699,221,Arabic,كريستي
231,132,338,121,342,154,237,169,Arabic,الغيطاني
407,343,421,343,421,401,406,402,Arabic,###
670,306,738,293,740,328,671,348,Arabic,هاروكي
82,436,113,429,118,447,88,456,Arabic,دار
126,275,190,266,193,281,127,292,Arabic,مكتبة
57,287,126,276,128,293,59,303,Arabic,جرير
596,326,669,304,669,343,597,368,Arabic,موراكامي
