295,2104,381,2104,381,2175,295,2175,Arabic,الأن
577,2110,692,2112,693,2175,577,2175,Arabic,حمل
226,920,458,914,461,1028,220,1035,Arabic,فينوس
511,1523,632,1509,628,1587,508,1597,Arabic,أطلب
275,1664,421,1663,417,1714,271,1713,Arabic,للخدمات
429,1673,547,1664,547,1718,428,1726,Arabic,فينوس
669,1663,726,1671,727,1721,670,1724,Arabic,من
387,2111,573,2110,573,2175,387,2175,Arabic,التطبيق
333,622,673,622,673,717,333,717,English,VENUS
474,921,594,921,594,1040,474,1040,Arabic,من
602,933,792,933,784,1044,606,1034,Arabic,جديد
399,1530,496,1518,494,1589,399,1589,Arabic,فنى
557,1663,664,1663,664,1721,557,1721,Arabic,تطبيق
