649,630,882,609,888,705,654,722,English,249.00
754,739,875,730,876,784,757,792,English,EGP
1147,516,1275,493,1279,568,1153,584,Arabic,لايف
996,523,1132,504,1134,575,999,595,Arabic,غلاية
1150,601,1281,589,1281,668,1153,685,Arabic,زجاج
1117,698,1276,688,1280,740,1119,758,Arabic,2200
982,706,1100,693,1100,774,984,779,Arabic,وات
216,764,434,768,445,854,221,876,Arabic,عروض
16,717,199,755,204,853,17,820,Arabic,خاصة
766,452,966,438,970,493,770,507,English,MODEL:
971,438,1160,424,1164,480,975,494,English,LK4290
859,263,930,263,930,306,859,306,English,Life
661,548,838,536,839,586,664,602,English,299.00
