513,225,557,211,560,284,517,296,English,P
474,376,505,369,508,395,477,404,Arabic,ذوي
408,397,473,377,475,400,413,419,Arabic,الاحياجات
742,629,766,627,768,649,742,649,English,H1
369,410,408,397,410,415,370,429,Arabic,الخاصة
388,348,416,337,417,356,391,368,English,834
433,301,504,278,506,305,433,327,English,Parking
381,287,447,257,448,291,380,322,Arabic,الانتظار
388,430,508,397,507,430,388,457,English,Handicapped
449,251,502,231,505,271,452,290,Arabic,أماكن
743,650,754,651,754,668,742,668,English,3
