415,377,466,373,466,400,415,404,Arabic,اسأل
664,208,772,204,774,242,666,246,English,Now
44,400,86,400,86,420,44,420,Arabic,مكه
526,287,792,265,795,299,529,321,English,0403400096
935,282,1201,258,1207,332,932,349,Arabic,الأستاد
524,326,793,307,795,341,525,357,English,01017770205
519,364,793,349,794,385,521,397,English,01221779902
300,383,373,377,372,411,298,416,Arabic,مشروع
267,315,321,314,319,352,264,355,English,40
0,335,121,332,115,376,0,380,Arabic,بمدينة
129,329,262,306,257,362,122,385,Arabic,مشروع
390,237,474,235,480,287,392,295,Arabic,عشر
978,218,1125,211,1125,252,983,264,Arabic,فيوتشر
1135,217,1199,212,1200,255,1135,262,Arabic,برج
551,221,661,212,662,249,550,259,English,Book
99,399,187,391,184,418,98,424,Arabic,الدفراوي
377,383,409,381,409,405,376,405,Arabic,عن
201,390,257,388,254,418,199,419,Arabic,سيتي
262,390,295,390,294,408,260,412,Arabic,صن
881,238,975,228,977,261,883,278,Arabic,هوم
878,291,912,290,915,353,877,352,English,3
550,262,567,261,568,271,550,274,English,DO
574,262,598,259,598,269,572,272,English,NOT
603,260,660,254,660,263,603,269,English,HESITATE
665,254,681,252,681,262,666,263,English,TO
686,252,747,247,748,259,687,262,English,CONTACT
754,246,770,245,770,255,754,257,English,US
254,256,385,246,385,292,250,305,Arabic,سنوات
185,270,245,265,242,301,184,308,Arabic,من
93,272,181,264,176,308,89,318,Arabic,البناء
401,300,478,290,473,347,397,358,Arabic,أكثر
328,318,392,315,389,352,328,360,Arabic,من
