376,267,574,251,571,302,373,328,Arabic,الكهربائية
673,479,815,467,807,566,667,581,Arabic,كل
734,688,775,687,774,705,732,708,Arabic,تناسب
813,684,856,681,857,703,813,703,Arabic,أنظمة
286,497,497,505,497,589,282,594,Arabic,جمعة
517,506,657,499,654,582,508,590,Arabic,يوم
550,367,833,319,822,433,543,478,Arabic,أنتظروا
288,385,529,369,528,471,286,483,Arabic,مفاجاة
801,712,853,714,854,739,801,740,Arabic,واسأل
683,720,731,719,731,737,681,739,Arabic,الصيف
730,720,774,719,774,737,729,741,Arabic,عروض
776,720,801,719,801,738,775,740,Arabic,عن
687,690,733,687,732,708,685,713,Arabic,الجميع
577,248,743,230,738,292,575,304,Arabic,للأجهزة
292,87,867,6,857,174,290,251,Arabic,المصريين
775,686,812,686,812,705,774,704,Arabic,سداد
