617,480,676,480,676,506,617,506,Arabic,حسن
409,561,615,552,620,607,390,641,Arabic,حسن
219,607,275,607,275,639,219,639,Arabic,دوران
279,607,341,607,341,633,279,633,Arabic,طنطا
150,614,212,614,212,633,147,633,Arabic,سعيد
450,634,506,634,508,661,450,661,Arabic,عليه
596,636,667,634,667,659,595,663,Arabic,طعم
171,640,224,640,224,666,171,666,English,(Tanta)
273,640,302,640,302,666,273,666,English,Om
306,640,359,640,359,666,306,666,English,Hassan
253,648,266,647,266,666,252,667,Arabic,ام
135,680,314,680,314,713,135,713,English,01023908026
336,680,502,680,502,713,336,713,English,01557018890
521,680,670,680,670,713,521,713,English,0403285332
129,474,197,474,199,511,129,501,Arabic,جنية
204,474,239,474,239,506,204,506,English,30
288,474,335,474,335,508,288,506,Arabic,تبدأ
339,474,410,474,410,506,339,506,Arabic,أسعار
240,480,284,480,284,506,240,506,Arabic,من
429,480,481,480,481,506,429,506,Arabic,زمان
485,480,556,480,556,508,485,506,Arabic,بأسعار
572,480,613,479,612,507,572,506,Arabic,الآن
680,480,706,480,706,506,680,506,Arabic,أم
159,540,353,540,353,599,159,599,English,19500
227,650,252,651,252,664,226,666,Arabic,حسن
510,635,594,635,594,660,509,665,Arabic,لايعلى
615,536,713,526,714,639,579,631,Arabic,أم
152,643,166,642,166,663,152,664,English,f
