486,477,518,478,518,503,485,502,Arabic,إدارة
346,627,399,626,398,651,345,653,Arabic,المبنى
141,632,230,627,229,650,138,657,Arabic,المسئولين
82,628,112,628,109,653,81,653,Arabic,دقة
566,626,618,622,617,645,564,649,Arabic,تخاطر
499,625,562,627,563,650,499,649,Arabic,بحياتك
305,626,344,626,344,653,305,653,Arabic,واتبع
230,627,302,626,301,652,228,652,Arabic,تعليمات
112,628,141,627,137,655,111,656,Arabic,بكل
476,624,497,624,498,650,479,650,Arabic,ولا
159,604,233,598,233,620,159,625,Arabic,مخارج
170,445,232,445,230,471,170,472,Arabic,احتمالات
126,445,167,445,168,472,126,472,Arabic,حدوث
79,445,122,445,122,472,74,472,Arabic,مخاطر
563,440,635,440,635,465,559,469,Arabic,التحلى
373,418,403,418,403,440,372,441,Arabic,التى
556,507,635,506,635,527,558,530,Arabic,الخروج
537,506,555,506,557,530,537,530,Arabic,فى
385,506,465,506,465,528,386,528,Arabic,منتظمة
133,478,178,479,178,505,133,504,Arabic,بصورة
346,477,416,478,415,504,344,504,Arabic,والكوارث
282,476,344,478,344,504,288,502,Arabic,بالكلية
237,481,277,482,272,505,236,504,Arabic,وعدم
179,477,237,479,234,501,179,504,Arabic,التصرف
75,478,133,477,132,504,78,504,Arabic,عشوائية
582,473,642,472,642,500,582,499,Arabic,إبلاغ
420,475,486,473,485,501,418,501,Arabic,الأزمات
446,448,497,447,494,472,449,472,Arabic,وعدم
232,451,250,451,250,472,232,472,Arabic,من
380,444,447,445,447,472,379,472,Arabic,الارتباك
489,293,583,291,583,362,489,361,Arabic,خطوات
154,291,185,291,185,322,154,323,Arabic,كلية
94,291,153,291,153,318,94,318,Arabic,الهندسة
357,670,426,672,425,702,358,702,Arabic,خدمة
525,667,614,667,610,710,525,705,Arabic,تحيات
72,414,180,416,179,444,72,442,Arabic,بسرعة
399,629,420,628,419,653,399,653,Arabic,إلى
171,674,264,676,262,709,171,710,Arabic,وتنمية
432,671,504,669,505,705,433,709,Arabic,قطاع
86,673,169,675,169,711,85,710,Arabic,البيئة
211,303,321,300,321,357,212,362,Arabic,الطوارئ
402,599,446,597,448,622,400,623,Arabic,تجمع
619,676,649,676,647,708,617,709,Arabic,مع
363,568,415,568,414,593,364,593,Arabic,وضرورة
532,564,587,564,585,590,532,594,Arabic,الأولوية
619,623,633,625,632,644,619,644,Arabic,لا
420,628,476,626,477,650,420,652,Arabic,ترجع
132,507,175,509,175,535,130,537,Arabic,وقوع
177,509,239,511,236,531,176,535,Arabic,لعدم
519,478,581,476,580,499,519,500,Arabic,مسئولى
154,383,365,384,364,408,153,412,Arabic,فورا
323,294,394,293,394,351,323,355,Arabic,أثناء
396,302,488,298,490,357,396,361,Arabic,الإخلاء
294,418,371,418,372,438,291,442,Arabic,تعيق
72,327,145,326,145,354,74,356,Arabic,الجودة
145,326,203,327,205,354,144,353,Arabic,وحدة
587,533,633,533,633,559,587,559,Arabic,النزول
266,676,353,673,353,707,266,712,Arabic,المجتمع
181,416,289,418,289,439,181,442,Arabic,التحرك
566,412,639,411,639,435,566,439,Arabic,ترك
505,412,563,411,563,434,505,435,Arabic,كافة
406,412,502,412,503,437,405,437,Arabic,المتعلقات
369,384,518,385,517,405,365,411,Arabic,العمل
520,379,641,379,641,406,519,407,Arabic,إيقاف
501,445,557,445,556,473,496,471,Arabic,بالهدوء
367,445,379,444,378,473,363,473,Arabic,أو
302,446,365,445,363,473,301,474,Arabic,التسرع
253,445,299,445,299,472,253,472,Arabic,للتقليل
418,534,472,535,470,560,418,565,Arabic,القريبة
523,532,586,535,584,562,522,561,Arabic,باستخدام
82,538,221,538,222,564,82,567,Arabic,الكهربائية
222,540,286,538,286,559,223,561,Arabic,المصاعد
288,540,350,538,351,561,287,563,Arabic,استخدام
352,540,388,541,387,563,352,561,Arabic,وعدم
389,538,415,538,416,559,389,559,Arabic,منك
472,538,521,538,521,559,472,559,Arabic,السلالم
217,566,252,567,252,590,217,592,Arabic,لذوى
253,566,319,568,319,590,253,587,Arabic,المساعدات
318,569,363,565,363,593,321,594,Arabic,تقديم
416,568,460,567,463,590,414,592,Arabic,الإخلاء
462,566,508,566,509,591,464,589,Arabic,عمليات
511,566,529,566,531,591,511,591,Arabic,فى
588,564,631,567,629,592,586,590,Arabic,مراعاة
79,569,136,571,135,592,79,592,Arabic,الخاصة
139,571,216,570,217,593,139,596,Arabic,الاحتياجات
449,593,484,593,485,618,448,619,Arabic,نقطة
592,593,630,593,630,614,592,614,Arabic,سرعة
78,597,157,599,157,622,81,625,Arabic,الطوارئ
235,599,316,598,315,619,235,620,Arabic,استخدام
316,599,382,597,382,620,315,624,Arabic,خلال
384,599,401,599,401,620,384,620,Arabic,من
485,596,522,593,521,620,485,620,Arabic,أقرب
524,599,542,599,542,620,524,620,Arabic,إلى
545,599,591,599,591,620,545,620,Arabic,التوجه
467,511,535,505,536,528,467,532,Arabic,طوابير
348,511,385,511,385,532,348,532,Arabic,وعدم
304,510,345,511,346,532,306,534,Arabic,الجرى
79,511,131,510,130,535,79,534,Arabic,إصابات
237,508,305,509,304,535,236,537,Arabic,والتدافع
