562,426,590,427,588,463,558,464,Arabic,أو
285,507,761,518,758,549,285,539,English,cs.egypt@landmarkgroup.com
494,347,532,347,532,379,494,379,English,us
381,347,490,347,490,373,381,373,English,contact
282,347,374,347,374,379,282,379,English,please
560,300,595,300,595,326,560,326,English,or
336,300,389,300,389,333,336,333,English,any
602,294,772,294,772,333,602,333,English,Complaints
393,294,556,294,556,333,393,333,English,Suggestion
321,427,365,427,365,459,321,459,Arabic,على:
369,427,443,427,443,459,369,459,Arabic,راسلنا
447,424,559,427,559,459,447,461,Arabic,الشكاوي
589,424,725,427,723,471,590,462,Arabic,للمقترحات
650,60,715,60,715,86,650,86,English,FEC
282,294,332,294,332,326,282,326,English,For
