2206,478,2353,469,2353,528,2203,542,Arabic,تكتر
1828,1958,2011,1967,2006,2049,1818,2052,Arabic,لكل
265,645,445,634,449,689,268,694,Arabic,اليومى
623,634,868,625,867,684,625,695,Arabic,الإستثمار
632,553,1162,540,1169,618,633,610,Arabic,إستثماراتك
437,1256,548,1256,548,1298,437,1298,English,NBE
448,558,633,542,635,608,443,626,Arabic,أكثر
254,542,444,543,443,613,255,613,Arabic,أمانا
2364,471,2592,462,2596,524,2365,529,Arabic,نقاطك
2683,466,2791,458,2795,522,2688,532,Arabic,كل
2084,1220,2240,1230,2244,1279,2083,1272,Arabic,مصرية
2246,1225,2444,1227,2446,1285,2247,1276,Arabic,إلكترونية
2451,1229,2533,1228,2536,1279,2441,1284,Arabic,دفع
1064,638,1161,638,1163,678,1062,687,Arabic,مع
871,637,1061,632,1064,683,867,692,Arabic,صندوق
446,643,624,632,625,677,446,689,Arabic,النقدى
1389,904,1446,903,1443,943,1385,943,English,A4
1320,905,1372,903,1375,942,1320,941,English,ZE
2674,1234,2757,1226,2754,1289,2676,1290,Arabic,أول
1160,1258,1264,1249,1270,1319,1162,1327,Arabic,كل
832,1271,1065,1258,1068,1327,834,1336,Arabic,نقاطك
1078,1261,1144,1266,1147,1323,1079,1319,Arabic,ما
679,1285,822,1279,823,1337,671,1358,Arabic,تكتر
2252,1307,2396,1301,2396,1362,2245,1367,Arabic,الأهلي
2354,383,2572,371,2567,442,2355,454,Arabic,تشترى
2413,2247,2650,2250,2643,2338,2408,2318,Arabic,البنك
2130,2212,2410,2221,2403,2317,2128,2308,Arabic,الأهلى
1817,2216,2124,2217,2118,2294,1807,2295,Arabic,المصرى
515,2152,900,2149,903,2212,517,2233,Arabic,هيوصل
2198,2116,2359,2102,2358,2202,2193,2206,Arabic,في
910,2144,1247,2125,1252,2200,910,2217,Arabic,تبرعك
2378,2117,2650,2131,2646,2217,2371,2206,Arabic,محتاج
1975,2110,2179,2114,2175,2189,1967,2181,Arabic,مصر
2386,1993,2665,2008,2657,2107,2377,2078,Arabic,تبرعك
2024,1973,2373,1993,2360,2083,2019,2059,Arabic,هيوصل
2594,1317,2746,1319,2751,1363,2595,1357,Arabic,مقدمة
1976,431,2083,430,2084,484,1974,483,English,NBE
1975,379,2087,377,2083,434,1972,430,Arabic,الأهلى
2586,381,2652,381,2652,442,2585,443,Arabic,ما
2663,379,2795,371,2797,439,2663,446,Arabic,كل
2606,466,2671,472,2673,524,2606,528,Arabic,ما
1047,1177,1115,1183,1121,1242,1050,1242,Arabic,ما
673,1194,807,1185,808,1260,671,1268,Arabic,اكثر
2535,1226,2673,1233,2676,1287,2535,1278,Arabic,بطاقة
2519,1321,2591,1322,2593,1370,2518,1370,Arabic,من
2080,1305,2250,1306,2246,1357,2070,1365,Arabic,المصري
1822,2100,1960,2105,1954,2169,1814,2174,Arabic,مع
320,2155,507,2152,507,2219,316,2235,Arabic,لكل
971,2237,1244,2221,1249,2288,978,2316,Arabic,محتاج
806,2251,961,2227,969,2306,805,2321,Arabic,فى
499,2262,800,2254,801,2313,498,2332,Arabic,مصر
325,2265,489,2263,490,2327,327,2335,Arabic,مع
992,2343,1254,2329,1253,2404,993,2413,Arabic,البنك
679,2360,971,2333,975,2412,682,2434,Arabic,الأهلى
333,2373,667,2356,669,2430,332,2443,Arabic,المصرى
2397,1309,2519,1311,2516,1363,2397,1358,Arabic,البنك
2213,379,2348,381,2346,452,2212,457,Arabic,اكثر
427,1203,535,1198,541,1257,429,1259,Arabic,الأهلى
821,1199,1042,1165,1040,1245,822,1258,Arabic,تشترى
1322,441,1682,448,1682,533,1322,540,Arabic,###
1132,1180,1270,1164,1271,1225,1134,1241,Arabic,كل
1525,1005,1581,1006,1579,1039,1525,1039,English,A4
1354,997,1505,996,1505,1053,1353,1051,English,REVISTA
1535,954,1589,953,1589,995,1535,993,English,A4
1334,951,1524,951,1524,995,1335,992,English,SECTIONS
