255,544,303,543,302,562,256,562,Arabic,الشراء
367,463,389,462,388,485,367,486,Arabic,أي
448,462,465,461,464,482,447,483,Arabic,أو
348,570,372,570,372,585,348,585,Arabic,عدا
437,570,466,570,466,588,437,588,Arabic,مول
469,570,518,570,518,585,469,585,Arabic,وحدات
556,570,576,568,576,585,553,586,Arabic,من
633,592,687,592,687,611,633,611,Arabic,المحمول
231,570,276,570,276,588,231,588,Arabic,البنوك
630,64,729,64,729,128,630,128,English,UP
78,72,207,72,207,139,78,139,English,ALL
323,440,344,440,344,456,323,456,Arabic,من
151,466,178,466,178,481,151,481,Arabic,عدا
413,543,429,543,430,559,413,560,Arabic,في
679,541,693,541,691,555,681,554,Arabic,3
169,569,229,570,229,589,168,589,Arabic,وشركات
682,566,688,567,688,580,682,580,Arabic,4
688,460,698,460,696,474,687,473,Arabic,2
689,431,696,431,697,447,690,447,Arabic,1
597,376,651,374,651,397,598,399,Arabic,وأحكام
213,492,234,492,235,510,214,510,Arabic,في
204,436,251,436,252,455,206,458,Arabic,فبراير
160,437,198,437,198,452,161,453,Arabic,2021
643,432,679,432,679,451,643,452,Arabic,تقبل
587,433,640,432,640,453,583,453,Arabic,الفواتير
542,434,581,434,581,452,542,452,Arabic,خلال
453,434,503,434,504,452,453,455,Arabic,التفعيل
654,374,703,375,705,397,655,396,Arabic,شروط
522,65,616,65,616,132,524,133,English,ED
633,484,695,484,695,502,633,502,Arabic,الأكشاك
516,489,576,488,576,507,517,507,Arabic,وشركات
580,489,626,487,626,506,580,509,Arabic,البنوك
160,492,210,492,210,511,159,512,Arabic,التفعيل
235,492,306,492,306,511,236,510,Arabic,للاشتراك
309,492,352,492,352,510,309,510,Arabic,فرصة
489,541,541,541,541,559,490,561,Arabic,مشاركة
544,541,585,541,585,558,544,559,Arabic,عملية
307,544,346,544,346,561,307,562,Arabic,عملية
375,545,410,543,411,560,376,563,Arabic,نفس
433,542,487,542,488,562,433,562,Arabic,الفواتير
587,542,612,541,612,557,588,561,Arabic,تتم
350,547,374,547,374,562,350,563,Arabic,يوم
537,376,596,375,595,395,537,398,Arabic,التفعيل:
453,489,513,488,513,511,453,511,Arabic,المحمول)
213,67,361,65,387,135,215,136,English,WRA
391,466,412,466,412,484,390,484,Arabic,من
325,466,365,466,365,483,325,482,Arabic,وحدة
284,464,322,464,322,483,284,484,Arabic,داخل
252,466,281,465,281,484,251,484,Arabic,مول
546,463,585,462,585,480,545,479,Arabic,بقيمة
415,463,445,461,445,482,415,483,Arabic,اكثر
211,463,249,463,249,481,211,481,Arabic,طنطا
507,434,539,434,539,452,508,454,Arabic,فترة
414,435,451,436,451,451,413,451,Arabic,فقط
348,436,390,437,390,456,348,456,Arabic,الفترة
278,437,303,437,303,459,278,460,Arabic,الى
357,492,383,492,383,511,357,511,Arabic,على
389,492,449,492,449,511,389,511,Arabic,ستحصل
604,515,641,515,641,527,604,527,Arabic,قطعه
647,515,692,515,694,531,645,531,Arabic,بتغليف
281,567,342,567,342,585,281,585,Arabic,الاكشاك
396,567,434,567,434,585,396,585,Arabic,طنطا
521,567,552,567,552,585,521,585,Arabic,كافة
580,567,632,567,632,585,579,586,Arabic,الفواتير
638,567,671,567,671,585,638,585,Arabic,تقبل
182,463,205,463,206,486,183,483,Arabic,(ما
615,540,634,540,633,558,614,560,Arabic,أن
376,568,392,568,393,584,376,584,Arabic,ما
392,434,412,434,412,454,392,455,Arabic,في
307,438,319,437,318,452,307,453,Arabic,5
255,436,274,436,274,453,256,453,Arabic,14
647,462,676,462,676,476,646,476,Arabic,عند
550,515,600,516,600,531,550,534,Arabic,مجانية
589,460,643,460,642,477,590,480,Arabic,الشراء
467,462,507,463,507,481,467,480,Arabic,جنية
510,462,542,463,541,476,510,477,Arabic,300
636,543,672,544,671,559,636,558,Arabic,يجب
