119,122,300,147,277,229,92,208,Arabic,الأحمر
551,106,580,113,577,127,548,121,English,2016
637,77,690,88,689,104,635,95,Arabic,مسابقة
608,71,634,76,631,92,602,90,Arabic,نشر
617,114,652,121,648,141,614,135,Arabic,الأولى
558,62,603,70,600,88,554,82,Arabic,الإبداع
557,85,604,92,600,110,553,103,Arabic,الطفل
606,92,639,97,635,116,603,111,Arabic,لأدب
641,103,689,109,687,126,638,118,Arabic,العربي
306,155,540,189,526,263,287,232,Arabic,للكوكب
85,438,162,442,155,479,75,470,Arabic,كريم
14,425,82,438,73,466,4,456,Arabic,سيد
68,390,131,401,126,428,62,417,Arabic,رسوم
653,123,688,130,685,147,649,142,Arabic,الدورة
554,190,736,217,722,304,544,264,Arabic,وداعا
589,112,614,118,612,132,586,128,English,2015
