273,114,351,118,354,152,271,149,Arabic,شبكي
360,123,396,126,397,156,357,152,Arabic,رف
158,143,260,157,260,190,157,180,Arabic,بالشوكة
247,341,302,353,302,375,245,368,Arabic,مدينة
189,64,308,75,308,105,189,96,Arabic,مستطيلة
85,99,146,99,144,129,84,128,Arabic,كروم
152,99,220,108,218,136,152,134,Arabic,النيكل
224,114,264,114,264,144,224,143,Arabic,من
261,320,300,321,301,352,257,344,Arabic,إنتاج
205,311,261,315,258,341,205,335,Arabic,شركة
152,306,204,310,205,336,149,332,Arabic,فريش
78,300,151,306,147,329,74,324,Arabic,اليكتريك
313,76,388,76,388,115,313,110,Arabic,صينية
680,38,764,38,764,75,680,75,Arabic,مبين
554,16,669,16,669,59,554,59,Arabic,تشغيل
439,9,545,16,545,60,443,60,Arabic,ضوئي
184,14,388,23,386,68,182,59,Arabic,الأكسسوارات
702,91,764,91,764,136,702,136,Arabic,زجاج
581,76,688,76,688,121,581,121,Arabic,شفاف
1201,886,1339,723,1360,817,1220,970,Arabic,كهربائي
747,381,871,394,873,422,745,408,Arabic,العملاء
747,345,866,359,869,393,745,383,Arabic,خدمة
187,336,245,340,246,366,188,361,Arabic,العاشر
154,335,186,335,187,362,157,358,Arabic,من
809,432,871,435,871,467,809,461,Arabic,صنع
1403,483,1417,579,1286,696,1273,616,English,FRESH
100,327,154,336,158,357,97,351,Arabic,رمضان
264,159,315,161,317,196,264,196,Arabic,فراخ
321,166,400,170,400,205,321,201,Arabic,شواية
1233,274,1352,182,1355,298,1241,392,English,Tivoli
10,290,77,296,74,320,8,313,Arabic,للاجهزة
577,330,740,344,740,401,580,386,English,19059
699,415,753,424,753,458,693,448,Arabic,مصر
759,426,805,429,804,454,757,456,Arabic,فى
1346,725,1398,667,1406,742,1359,797,Arabic,فرن
1237,1019,1285,976,1292,1038,1245,1078,English,45
1243,1104,1281,1059,1290,1110,1251,1157,Arabic,لتر
