1718,1579,1921,1563,1921,1628,1724,1648,Arabic,المطاعم
2836,1863,3129,1845,3137,1984,2825,1987,Arabic,واجهات
1552,1903,1757,1881,1768,1980,1563,2002,Arabic,فليكس
1328,1918,1422,1918,1422,2008,1328,2008,Arabic,ثرو
1423,1918,1507,1918,1507,2008,1423,2008,Arabic,ثي
170,1931,403,1931,403,2022,170,2022,Arabic,مضيئه
2581,2259,2750,2259,2750,2376,2581,2376,Arabic,ميديا
255,2285,499,2285,500,2407,253,2417,Arabic,ميديا
1349,2285,1486,2285,1486,2389,1349,2389,Arabic,ليزر
1721,2285,1868,2285,1868,2363,1721,2363,English,uv
1498,2298,1653,2273,1658,2379,1498,2396,Arabic,حفر
1132,925,1619,926,1606,1244,1123,1240,Arabic,ميديا
511,1548,721,1540,702,1664,487,1679,Arabic,هويه
415,1931,637,1931,637,2035,415,2035,Arabic,حروف
2761,2246,3121,2246,3121,2376,2761,2376,Arabic,السوشيال
1837,1893,1931,1890,1915,1994,1832,2005,Arabic,بنر
2588,1506,2850,1491,2864,1596,2585,1631,Arabic,الورقيه
2550,1896,2824,1855,2817,1974,2537,2018,Arabic,كلادينج
2309,158,3185,191,3173,503,2298,470,Arabic,وكالة
1044,268,2142,241,2149,935,1056,942,English,SM
1658,895,2257,915,2249,1241,1641,1244,Arabic,صول
1495,1250,1943,1235,1943,1339,1497,1353,Arabic,للخدمات
1179,1248,1486,1248,1489,1366,1179,1367,Arabic,الإعلانية
2864,1492,3152,1477,3167,1575,2877,1609,Arabic,الطباعه
1664,1507,1943,1497,1962,1567,1680,1577,Arabic,مستلزمات
234,1550,488,1550,488,1668,234,1680,Arabic,شركات
1392,1550,1715,1559,1709,1654,1392,1654,Arabic,والكافيهات
