305,449,382,451,383,494,303,495,Arabic,عبد
74,605,181,605,182,615,74,615,English,www.azizsallab.com
308,386,356,384,356,410,307,411,Arabic,التجمع
249,385,307,384,307,407,248,408,Arabic,الخامس
126,522,224,523,222,548,124,548,Arabic,البورسلين
244,524,347,524,348,550,244,550,Arabic,للسيراميك
281,597,342,599,342,616,282,615,Arabic,الجامعة
346,577,378,576,378,593,346,596,Arabic,مول
290,578,343,575,342,593,289,595,Arabic,التجمع
346,599,377,594,379,616,346,616,Arabic,أمام
227,576,287,575,286,593,227,593,Arabic,الخامس
209,595,279,595,279,615,209,616,Arabic,الأمريكية
102,579,181,579,181,606,102,604,English,19601
360,384,392,384,392,410,360,410,Arabic,مول
225,528,240,530,241,551,224,551,Arabic,و
212,432,304,428,303,496,207,507,Arabic,العزيز
85,415,211,421,212,493,81,493,Arabic,السلاب
