1167,1386,1314,1386,1314,1466,1167,1466,Arabic,المياه
1310,2317,1414,2301,1417,2410,1309,2403,Arabic,حياة
1435,2302,1604,2312,1602,2399,1436,2401,Arabic,تساوى
1621,2299,1717,2312,1718,2401,1620,2403,Arabic,مياة
731,1263,878,1263,878,1364,731,1364,Arabic,الـأخير
1175,1263,1257,1263,1259,1376,1173,1374,Arabic,%
408,1283,555,1283,555,1375,408,1380,Arabic,سيارة
565,1284,601,1284,601,1353,565,1355,Arabic,2
286,1303,397,1303,397,1384,286,1384,Arabic,رينو
1324,1386,1406,1386,1406,1466,1324,1466,Arabic,من
1675,1452,1801,1445,1793,1505,1672,1516,Arabic,مصر
1798,1674,1870,1623,1959,1795,1896,1817,Arabic,المياة
880,2241,1027,2241,1027,2342,885,2369,Arabic,اسأل
778,2261,870,2261,870,2362,778,2362,Arabic,عن
426,2281,610,2281,610,2382,426,2382,Arabic,الترشيد
611,2282,768,2282,768,2363,611,2363,Arabic,عرض
1731,2303,1860,2303,1860,2404,1731,2404,Arabic,قطرة
445,2424,567,2426,570,2502,445,2505,Arabic,شاشة
629,2424,727,2425,724,2506,629,2505,Arabic,على
991,2425,1036,2425,1036,2485,991,2485,Arabic,12
277,2444,387,2444,387,2505,277,2505,Arabic,بوصة
399,2444,435,2444,435,2505,399,2505,Arabic,40
573,2444,628,2444,631,2491,575,2496,Arabic,36
731,2444,871,2430,869,2505,731,2505,Arabic,شهرى
871,2445,990,2445,990,2495,875,2507,Arabic,سحب
463,651,731,651,731,752,463,783,Arabic,مسابقة
1509,652,1749,652,1749,774,1509,774,Arabic,لتوزيع
565,978,768,978,768,1100,565,1100,Arabic,اكسب
852,974,999,968,994,1096,852,1079,Arabic,رشد
445,1019,546,1019,546,1120,445,1120,Arabic,مع
787,1019,842,1019,842,1100,787,1100,Arabic,و
583,1120,813,1120,813,1221,583,1221,Arabic,المفاجئة
386,1167,575,1114,590,1224,411,1253,Arabic,الكبرى
1557,1149,1740,1140,1740,1201,1561,1201,Arabic,استهلاكك
1741,1137,1838,1140,1837,1201,1739,1200,Arabic,ورشد
1842,1140,1990,1140,1990,1201,1842,1201,Arabic,فلوسك
1991,1141,2054,1141,2054,1202,1991,1202,Arabic,وفر
1212,1181,1362,1170,1361,1258,1210,1253,Arabic,توفير
1574,1223,1706,1225,1705,1326,1574,1324,Arabic,المياة
1842,1223,1906,1223,1906,1303,1842,1303,Arabic,75
1917,1223,2054,1223,2054,1303,1917,1303,Arabic,توفير
1583,3668,1682,3660,1682,3751,1583,3748,Arabic,أشد
1951,1412,2040,1435,2036,1507,1950,1515,Arabic,من
1714,1233,1784,1234,1791,1323,1709,1326,Arabic,من
1788,1229,1836,1225,1838,1305,1790,1312,English,%
788,2550,868,2548,870,2628,787,2628,English,36
626,2689,697,2688,697,2760,621,2758,English,40
2251,3682,2375,3678,2375,3757,2250,3757,Arabic,الليد
2577,3680,2732,3678,2735,3760,2577,3755,Arabic,لمبات
1764,642,2041,639,2044,762,1763,771,Arabic,المصرية
2060,629,2341,604,2341,736,2057,752,Arabic,الشركة
1059,693,1222,673,1225,795,1059,798,Arabic,الليد
1240,671,1491,668,1493,785,1238,789,Arabic,اللمبات
611,801,869,775,869,937,610,937,Arabic,ترشيد
1891,803,2104,785,2103,917,1894,926,Arabic,شركة
131,1295,280,1289,279,1379,131,1384,Arabic,لوجان
1278,1273,1384,1273,1386,1371,1279,1378,English,75
1815,1409,1926,1367,1940,1516,1813,1516,Arabic,أجل
1719,1535,1860,1573,1821,1666,1699,1622,Arabic,الذكى
1899,1826,1968,1826,1969,2004,1907,1996,Arabic,مرشد
615,1283,725,1279,726,1366,610,1370,Arabic,على
879,3683,1087,3681,1086,3749,880,3748,Arabic,الصدمات
1096,3685,1203,3683,1201,3757,1093,3755,Arabic,وضد
1324,3678,1512,3680,1509,3758,1323,3762,Arabic,توفيرها
1686,3676,1869,3665,1869,3748,1685,3748,Arabic,أضاءتها
1918,3676,2045,3662,2046,3756,1917,3755,Arabic,أطول
1211,3675,1318,3664,1319,3763,1209,3761,Arabic,أكيد
2055,3678,2197,3686,2202,3755,2053,3751,Arabic,عمرها
2384,3678,2572,3678,2570,3759,2382,3767,Arabic,فينوس
202,1027,431,1000,431,1111,197,1125,Arabic,فينوس
1296,829,1521,836,1521,953,1295,958,Arabic,مصرية
1552,820,1869,827,1870,925,1551,929,Arabic,مساهمة
307,812,607,787,601,937,316,952,Arabic,الترشيد
889,1281,1082,1268,1082,1340,887,1358,Arabic,السحب
