536,917,559,917,556,932,536,932,English,UP
536,934,574,934,574,953,536,953,English,LIVE
535,896,582,895,582,914,535,913,English,WAKE
273,263,637,259,637,338,276,333,Arabic,إصدارات
478,741,512,740,513,755,476,756,Arabic,###
407,820,453,818,453,830,407,834,Arabic,###
284,174,628,180,628,246,283,242,Arabic,أحدث
272,347,642,354,641,412,275,415,Arabic,معرض
302,500,617,490,616,566,302,572,Arabic,الدولى
279,582,642,572,641,639,279,648,Arabic,للكتاب
593,779,645,777,647,799,594,801,Arabic,فاي
289,421,633,419,629,484,288,496,Arabic,القاهرة
