365,76,534,66,532,156,363,167,Arabic,الآن
6,87,343,66,343,173,3,202,Arabic,بالأسواق
521,1109,652,1118,654,1158,524,1161,Arabic,صفحة
99,1112,285,1112,287,1164,97,1170,Arabic,المشوقة
289,1109,444,1109,444,1160,289,1160,Arabic,الأحداث
206,809,610,770,605,923,206,928,Arabic,أسطورة
320,713,497,721,500,782,325,783,English,FAIRIES
83,276,161,276,161,313,83,312,Arabic,جديد.
167,274,214,269,213,306,167,311,Arabic,من
219,265,341,258,341,300,218,309,Arabic,يستيقظ
68,216,190,198,187,249,68,267,Arabic,الأحلام
14,950,427,929,413,1068,13,1100,Arabic,الأحلام
192,201,294,201,294,257,192,257,Arabic,وحش
293,202,445,185,450,241,299,250,Arabic,شاهدى
656,1110,714,1110,714,1160,656,1160,English,60
453,1117,514,1117,517,1163,450,1165,Arabic,من
452,945,801,936,802,1090,441,1078,Arabic,وحش
364,677,462,692,460,720,365,721,English,DiSNEy
347,258,423,258,423,300,347,300,Arabic,وهو
