476,207,557,216,559,262,476,257,Arabic,حياة
466,68,656,74,654,120,464,113,Arabic,البريطانية
356,200,468,207,472,258,363,250,Arabic,كريمة
603,214,716,221,714,267,602,272,Arabic,نظيفة
721,224,797,224,797,267,721,267,Arabic,بيئة
137,608,210,608,210,651,137,651,English,24
295,680,479,680,479,723,295,723,Arabic,النظافة
133,654,215,654,214,676,134,678,Arabic,###
312,63,459,69,457,110,310,104,Arabic,للنظافة
586,688,735,688,735,737,586,743,Arabic,شركاء
494,692,574,692,574,731,493,736,Arabic,في
743,692,837,692,837,741,743,731,Arabic,كلنا
659,76,812,76,812,119,659,119,Arabic,الشركة
