2171,1605,2409,1567,2426,1700,2159,1736,Arabic,القاهره
1047,1714,1446,1657,1460,1750,1061,1808,Arabic,للمدفوعات
535,1736,934,1706,942,1810,543,1840,Arabic,الإلكترونية
3040,1069,3959,1016,3977,1338,3059,1391,Arabic,مكتبة
1900,1228,2970,1036,3013,1455,1965,1617,Arabic,الأهرام
122,1333,1449,1051,1523,1653,79,1870,Arabic,ضامن
3786,1466,3937,1464,3947,1581,3786,1592,Arabic,فرع
3246,1508,3532,1478,3546,1608,3260,1638,Arabic,الأهرام
3549,1498,3772,1498,3772,1602,3549,1602,Arabic,جريدة
2985,1534,3204,1511,3214,1647,2991,1648,Arabic,احدث
2673,1562,2967,1536,2979,1660,2678,1682,Arabic,إصدارات
2428,1583,2664,1583,2664,1698,2428,1698,Arabic,معرض
1069,1773,1134,1773,1134,1783,1069,1783,Arabic,###
858,1784,896,1784,896,1814,858,1814,Arabic,###
1922,1631,2156,1608,2149,1716,1912,1776,Arabic,الدولي
203,1881,434,1879,434,2004,185,2004,English,15159
