273,306,387,312,391,380,272,379,Arabic,فردي
45,163,235,186,239,267,50,240,Arabic,بطانية
254,192,379,218,384,279,260,273,Arabic,منترا
842,601,1044,632,1042,672,839,643,English,Promotions
1098,486,1152,498,1150,524,1097,517,English,Car
99,359,289,387,294,440,105,423,Arabic,130*180
304,391,395,382,398,463,304,463,Arabic,ألوان
941,665,1042,685,1041,728,943,719,Arabic,عروض
15,365,86,373,90,422,14,429,Arabic,سم
845,646,933,663,937,708,844,695,Arabic,خاصة
1160,498,1234,515,1233,540,1159,528,English,Care
1159,601,1261,621,1259,655,1158,636,Arabic,بالسيارة
1266,621,1349,635,1349,665,1267,655,Arabic,العناية
1355,635,1474,656,1475,683,1353,670,Arabic,مستلزمات
28,255,260,285,261,360,24,333,Arabic,ميكروفيبر
