511,531,572,534,569,566,512,562,Arabic,امانا
168,344,260,348,258,382,166,375,Arabic,بلاتينم
27,333,113,342,111,373,23,362,Arabic,فروعنا
116,346,163,343,161,377,113,376,Arabic,في
570,414,638,419,636,447,568,442,Arabic,مدير
419,487,509,493,507,520,418,515,Arabic,سحب
576,537,636,537,633,574,573,571,Arabic,اكثر
356,350,454,357,452,388,354,381,Arabic,لخدمة
458,358,545,366,544,394,455,388,Arabic,فخمة
550,367,640,371,640,399,549,392,Arabic,صالات
461,399,564,408,563,438,457,430,Arabic,العلاقة
321,398,455,398,456,432,317,432,Arabic,الشخصي
562,453,637,456,636,489,560,485,Arabic,فريق
456,442,559,450,558,480,454,476,Arabic,الاتصال
358,441,454,441,451,476,358,470,Arabic,الخاص
313,436,356,437,354,469,310,464,Arabic,بك
565,495,637,496,635,530,564,527,Arabic,اعلى
396,214,550,234,549,269,393,260,Arabic,مصرفية
513,495,560,499,559,523,510,519,Arabic,حد
256,210,388,216,386,259,254,248,Arabic,مفصلة
264,346,351,348,350,383,261,380,Arabic,الأهلى
556,227,666,227,666,275,556,275,Arabic,تجربة
191,212,248,212,248,245,191,245,Arabic,لك
